Corpus	German	German	German	German	German	German	French	French	French	French	French	French	American English	American English	American English	American English	American English	American English
Painter	Pablo Picasso	Marc Chagall	Wassily Kandinsky	Henri Matisse	Paul Gauguin	Piet Mondrian	Pablo Picasso	Marc Chagall	Wassily Kandinsky	Henri Matisse	Paul Gauguin	Piet Mondrian	Pablo Picasso	Marc Chagall	Wassily Kandinsky	Henri Matisse	Paul Gauguin	Piet Mondrian
1900	2.8755488268306095e-10	1.4792074509717423e-10	1.5933678820800878e-09	1.3963413758588672e-10	2.62666999262251e-10	0.0	2.6247556905723e-10	0.0	0.0	1.742823177441899e-09	4.615932880369655e-08	1.397184729023948e-10	1.4699906569770604e-10	9.799937944476866e-11	0.0	2.4505510468064706e-10	0.0	0.0
1901	2.3004390614644877e-10	1.183365960777394e-10	1.4642514534202177e-09	1.1170731006870938e-10	1.9161479514195888e-09	0.0	2.0998045524578402e-10	0.0	0.0	8.381271110469158e-09	4.789169878449684e-08	1.1177477832191584e-10	1.1759925255816482e-10	7.839950355581493e-11	0.0	1.9604408374451765e-10	3.7922093243381025e-11	0.0
1902	1.9170325512204064e-10	9.861383006478282e-11	1.607033154697272e-09	9.308942505725781e-11	1.751519401738122e-09	0.0	4.330216740733306e-10	8.601265070555068e-11	0.0	1.068293658164817e-08	4.524253327531369e-08	9.314564860159653e-11	5.022527486501597e-10	9.049360473930198e-10	0.0	3.188521414491478e-10	4.980479223481993e-10	6.219282496407648e-11
1903	1.6431707581889198e-10	8.452614005552813e-11	1.4387539849978837e-09	2.6368191757037655e-10	2.9724301988030633e-09	0.0	3.7116143491999765e-10	7.372512917618629e-11	0.0	1.4080522375043664e-08	5.840070420910186e-08	7.983912737279703e-11	4.5557924099881575e-10	7.756594691940169e-10	0.0	2.983787205408055e-10	5.522826442204223e-10	5.330813568349413e-11
1904	7.979093576336384e-11	0.0	1.4996234095779722e-09	5.071596158907304e-10	4.737643571101862e-09	0.0	3.7116143491999765e-10	7.372512917618629e-11	0.0	2.238254074939304e-08	6.027715647251495e-08	7.983912737279703e-11	4.2138648919427217e-10	7.196598237970062e-10	4.980671430843131e-11	1.863794297467842e-10	5.522826442204223e-10	5.330813568349413e-11
1905	5.7521812709840756e-11	0.0	1.4996234095779722e-09	1.750370324872717e-09	6.5208197175259386e-09	0.0	2.913223075472006e-10	7.372512917618629e-11	0.0	2.4697909979070383e-08	6.258045599188173e-08	0.0	4.2138648919427217e-10	7.196598237970062e-10	4.980671430843131e-11	8.594568965244623e-10	8.888213776092613e-10	5.330813568349413e-11
1906	5.7521812709840756e-11	0.0	6.536368232382525e-10	3.750160118950621e-09	9.089828223451946e-09	0.0	2.2117539545872334e-10	7.372512917618629e-11	0.0	2.7614011268082905e-08	6.63667975179091e-08	0.0	4.2138648919427217e-10	7.196598237970062e-10	4.980671430843131e-11	1.2949529484432683e-09	1.1283442077506374e-09	7.508293788292621e-11
1907	1.2210717357876077e-10	0.0	6.536368232382525e-10	7.237769558291315e-09	9.855217174083362e-09	0.0	3.738654148171301e-10	7.372512917618629e-11	0.0	3.218510004541843e-08	4.9972596727343443e-08	0.0	4.818034384155925e-10	7.397988075316267e-10	1.1022366352975155e-10	2.0322021129385146e-09	2.3971002286301714e-09	7.508293788292621e-11
1908	6.969680309078439e-10	1.2774685277859377e-10	6.459857133338837e-10	8.323617795014115e-09	9.59473690181107e-09	0.0	4.498707596921138e-10	7.372512917618629e-11	0.0	3.0842633336192193e-08	4.540922964630616e-08	0.0	8.835395113950182e-10	7.397988075316267e-10	1.1022366352975155e-10	2.9313256821872358e-09	2.6569673524815383e-09	7.508293788292621e-11
1909	1.515546188546324e-09	1.9071440458619448e-10	4.4035772250872185e-10	8.63845553819179e-09	1.0658495102384385e-08	0.0	3.0311566748661024e-10	0.0	0.0	3.3923758024911876e-08	4.344298229089613e-08	0.0	1.184790154873383e-09	2.013898373462045e-11	1.1022366352975155e-10	4.207871852544644e-09	3.019219263489248e-09	2.177480219943208e-11
1910	5.4218305004357805e-09	4.866450179338447e-10	7.341774886450634e-10	1.1709801398370904e-08	1.0785392579037989e-08	1.775583806968533e-10	1.2121996501817429e-09	0.0	0.0	3.4378785025117916e-08	2.6927629142343383e-08	0.0	2.5731521596001575e-09	2.013898373462045e-11	3.2032943757848946e-10	6.513058949307395e-09	5.453305188371108e-09	2.177480219943208e-11
1911	9.78990516431466e-09	3.9388331406011085e-09	6.73308064064975e-10	1.4284436427353903e-08	1.0429235570390866e-08	1.775583806968533e-10	2.64721620021494e-09	0.0	0.0	2.8372793130821653e-08	2.5626821553714763e-08	0.0	2.989800256576152e-09	2.013898373462045e-11	1.1256898984386104e-09	8.145650788802885e-09	6.774927238265402e-09	2.177480219943208e-11
1912	1.0982794935403867e-08	6.752259077266334e-09	6.73308064064975e-10	1.379504250514125e-08	9.271265215866314e-09	1.775583806968533e-10	2.64721620021494e-09	0.0	0.0	2.639401709890267e-08	2.1487222160284806e-08	0.0	3.2732484421339946e-09	2.013898373462045e-11	1.1634829885246285e-09	9.51340013115904e-09	7.477698476294442e-09	2.177480219943208e-11
1913	1.1330754406164395e-08	6.984232057773352e-09	6.087987177875018e-10	1.3419063638053785e-08	7.090328007259521e-09	1.775583806968533e-10	2.8041799438049964e-09	0.0	0.0	2.6076152507111975e-08	1.8498901965813275e-08	0.0	4.232151430892474e-09	2.013898373462045e-11	1.1996680077912864e-09	9.65686438750676e-09	7.364823211603826e-09	0.0
1914	1.3269109842641212e-08	9.362724127738784e-09	9.843501172898276e-10	1.180921119622472e-08	8.6292103621385e-09	1.775583806968533e-10	6.881396508173765e-09	0.0	0.0	2.9822440358476654e-08	1.742127102894691e-08	0.0	4.967461648368905e-09	0.0	1.1762616238174063e-09	9.243183393284734e-09	6.817773187276341e-09	0.0
1915	1.3897214712343953e-08	1.337852601717466e-08	9.902661230703253e-10	1.2059991545092835e-08	9.676051832790172e-09	1.775583806968533e-10	9.430848602054454e-09	0.0	0.0	3.142509868198877e-08	2.4162597763880252e-08	0.0	5.423186978857432e-09	0.0	1.196677372274278e-09	8.976948042059365e-09	7.000381084333794e-09	0.0
1916	1.8110364731681117e-08	1.734094090544147e-08	1.3675038244644254e-09	1.665108850801289e-08	1.2630844053213813e-08	3.0335158194917863e-10	1.7248869539037466e-08	3.9462208104420627e-10	0.0	3.780170002417752e-08	3.918433907504745e-08	0.0	5.544893242971836e-09	2.1702711056852715e-10	1.3347855321033109e-09	8.237942613778922e-09	9.335887095142579e-09	1.972973768487358e-11
1917	1.8747736791573695e-08	2.2011332502712222e-08	2.597383451176581e-09	1.8256507543818705e-08	2.994710904654799e-08	1.2579320125232536e-10	2.3046619247933464e-08	2.233592707615425e-09	0.0	5.968298842441908e-08	6.225658870968281e-08	0.0	4.8495757251235514e-09	4.627002114787615e-10	1.2191694122508169e-09	7.646288269214097e-09	1.3333998905018518e-08	1.972973768487358e-11
1918	1.849941936146341e-08	2.175195623621562e-08	3.6273227596187294e-09	2.398689082281992e-08	3.718954287381036e-08	1.2579320125232536e-10	2.87516218135307e-08	3.856324244060667e-09	1.0818210613042619e-10	7.01524509277058e-08	6.97308742810979e-08	0.0	5.62792390468303e-09	5.016003049426335e-10	5.974028057956612e-10	7.1806991781236155e-09	2.1698500504311165e-08	1.972973768487358e-11
1919	2.0132804598052952e-08	2.1533947514029705e-08	4.588588366414927e-09	2.4787434581087708e-08	4.002489311411799e-08	2.219197603459122e-10	3.497016749192434e-08	4.8049159254556375e-09	4.243793332620831e-10	1.1345107482035083e-07	8.164097030162663e-08	0.0	6.703958531163932e-09	8.271102731287933e-10	8.085291087438812e-10	6.6908317299306324e-09	2.697791360147964e-08	1.972973768487358e-11
1920	2.244061305032931e-08	2.6144845526638553e-08	5.5259181992133625e-09	2.6131834727851e-08	4.3154044782056644e-08	2.219197603459122e-10	4.057614688690592e-08	5.563197934068041e-09	5.760357349845638e-10	1.2291520334883899e-07	8.977734263940615e-08	0.0	1.1533971048091222e-08	3.2713189181331005e-09	1.447717560911142e-09	1.0517879424552592e-08	3.640297631589208e-08	9.202276995967651e-10
1921	2.4840702574278695e-08	3.04666171656111e-08	7.064727786903242e-09	2.6168438717531573e-08	4.958161335468146e-08	1.5619725275100344e-09	4.721203846916719e-08	1.0719847644478721e-08	5.760357349845638e-10	1.3061535294614908e-07	9.116572157503405e-08	0.0	1.5082066199109282e-08	4.452533790079625e-09	1.6393292279204275e-09	1.3633716441522178e-08	3.785318147819794e-08	9.202276995967651e-10
1922	3.0261012235704195e-08	3.4530170976511595e-08	9.522781483996466e-09	3.28949283050812e-08	5.391197761233408e-08	1.7059567806018298e-09	5.354224035564974e-08	1.7318754462282626e-08	8.902693899542108e-10	1.398191865778894e-07	9.246857679556797e-08	0.0	1.7442198859843724e-08	6.286216456105212e-09	2.5184558882784813e-09	1.5561064437008554e-08	4.042822432381854e-08	1.1624121942777066e-09
1923	2.9300811681715848e-08	3.530337444601628e-08	1.0473725632818644e-08	3.3805461414309386e-08	5.165115408394578e-08	4.779220852402233e-09	5.138209908344444e-08	2.2656432349269347e-08	8.902693899542108e-10	1.5394201215355808e-07	8.423672705402754e-08	0.0	1.903767245435363e-08	7.46665003238865e-09	2.7028386513044164e-09	1.8867641417484393e-08	4.023307376144203e-08	1.1785147817950608e-09
1924	3.4056125538687154e-08	3.463956055327344e-08	9.443891636960546e-09	3.449642920522982e-08	4.1758252348042136e-08	5.056802048526115e-09	5.1683349409716225e-08	2.3365855980220625e-08	8.902693899542108e-10	1.4006104720465373e-07	7.701212340854064e-08	4.77823939145797e-10	2.1880595621074202e-08	8.500187193005715e-09	2.8849349893127804e-09	2.3041057442948646e-08	3.6683364155822214e-08	1.3168077778973647e-09
1925	3.477917788684083e-08	3.5242464438819554e-08	9.199272835555154e-09	2.9089215227072274e-08	3.938932621342214e-08	5.84212255556287e-09	5.172541353967322e-08	2.843551990697587e-08	1.2717747490041477e-09	1.4165972471248877e-07	8.393657959158776e-08	6.410530994926944e-10	2.3668483173366894e-08	9.259363561601016e-09	3.098457236814868e-09	2.541751431550665e-08	3.146646904943802e-08	1.5721922533692582e-09
1926	3.6194266123905957e-08	3.573687073250247e-08	8.9097080189861e-09	3.00075266222523e-08	4.0093314953740644e-08	6.014676312560141e-09	5.1872814107615084e-08	3.36937260948998e-08	1.4330235093800476e-09	1.1759979352226374e-07	8.412178154060257e-08	6.410530994926944e-10	2.644277102043751e-08	1.0128771662668408e-08	2.9464230896384234e-09	2.7289833884732876e-08	2.899086101340994e-08	1.6690774992270514e-09
1927	3.587317490679912e-08	3.335838069265914e-08	9.658533655405271e-09	3.5080979898793885e-08	4.039134525259312e-08	6.274084838965775e-09	5.226198140917404e-08	3.9387657833702047e-08	1.2813671076575668e-09	1.1942206867843197e-07	8.32688094983983e-08	7.911045786711059e-10	2.659394000253152e-08	1.044589957390128e-08	2.784786671102982e-09	3.030090438877713e-08	2.23289216957515e-08	9.291223703110165e-10
1928	3.435608470730196e-08	2.939976008674096e-08	8.03276667404873e-09	3.61968560521778e-08	3.259536361456737e-08	5.2226260776373175e-09	4.758766282618256e-08	3.9119018373818496e-08	1.2813671076575668e-09	1.1176600927293684e-07	1.0137613364642156e-07	7.911045786711059e-10	2.762494969285204e-08	9.879876345613475e-09	3.0742205447964466e-09	3.2046406417407525e-08	2.5369949950361714e-08	9.615008769329032e-10
1929	3.122978117379002e-08	2.2623236871157004e-08	5.441050118396415e-09	2.9723270448097797e-08	2.8644355459001806e-08	5.555501614296077e-09	4.614711457406884e-08	3.5494842874429974e-08	9.6713345268792e-10	1.0560919554742603e-07	9.710913825447928e-08	7.911045786711059e-10	2.9463609710741626e-08	9.265432230977564e-09	2.712577511816099e-09	3.551064331475118e-08	2.4871401953825105e-08	8.268962558328446e-10
1930	2.994292382295173e-08	1.962649636461882e-08	4.3145414225469784e-09	2.570864803581279e-08	2.8392044651833918e-08	2.356444341243348e-09	4.680561208455661e-08	3.2384408551625454e-08	1.13100005551457e-09	8.606859377583273e-08	9.263053410027819e-08	1.4465709899777072e-09	3.5394641376537295e-08	9.698536703898038e-09	3.0522059007204963e-09	3.7375484294800895e-08	2.6058544021014185e-08	1.4921314521267247e-09
1931	2.1536946067815928e-08	1.5859783581666827e-08	3.759379030299215e-09	2.1764410844988495e-08	1.972785306542895e-08	2.0788631451194662e-09	4.544598754461861e-08	3.257466119066521e-08	1.13100005551457e-09	9.031956287636994e-08	8.873940921765617e-08	1.139912481867051e-09	3.7725482674285815e-08	9.363538896626063e-09	3.568758352326792e-09	3.761972371713844e-08	2.8791483229286185e-08	1.4293754533164664e-09
1932	1.877068062887994e-08	1.3967566531951953e-08	2.9740585232624586e-09	1.9315310176689796e-08	1.3618334349096983e-08	1.2935426380827104e-09	4.527389916932277e-08	3.049860402321818e-08	8.122880780701638e-10	8.433319515737431e-08	7.491859932429179e-08	1.8315607601999367e-09	3.919569735444384e-08	9.885863239134096e-09	4.002102696861901e-09	3.82067484951319e-08	3.02809863533022e-08	1.3771295631626046e-09
1933	1.6259634147023202e-08	1.1950446219900966e-08	2.302357733035316e-09	1.7299198898764904e-08	1.3208250699519347e-08	1.2036461827236167e-09	4.4104259038541775e-08	2.6543538922396692e-08	3.348420905626069e-10	6.995421537275043e-08	7.425517470746204e-08	1.8315607601999367e-09	4.013159074897235e-08	9.77029295563219e-09	4.4285376001239135e-09	3.968959611760121e-08	3.5530558812573483e-08	1.9998095501001193e-09
1934	1.550569285667182e-08	1.0012977050674214e-08	1.1431140478634916e-09	1.0311358116561159e-08	1.0546583622301447e-08	1.6467867228594661e-09	4.370808832326085e-08	2.1890056370718218e-08	5.14715206964159e-10	7.920305985667905e-08	7.313668096539264e-08	1.6815092810215253e-09	3.986035070267592e-08	8.35569841888579e-09	4.509872602349268e-09	3.559239328662248e-08	4.69225171733407e-08	2.4969779359253407e-09
1935	1.350904550128413e-08	8.160626714064684e-09	1.5659542551560435e-09	7.8146966358312e-09	1.2915817193537293e-08	1.7139098235879097e-09	4.251747703116442e-08	1.8113350184835652e-08	5.14715206964159e-10	7.639844820265093e-08	7.153682903192151e-08	2.0519439798099323e-09	4.054906302794084e-08	9.388546955741667e-09	4.831384149893227e-09	3.538576492141081e-08	4.802188259743291e-08	2.899930819287379e-09
1936	1.1366232082516653e-08	7.3104009829754494e-09	1.5659542551560435e-09	7.772773726242934e-09	1.1111871819505633e-08	1.4305012412713885e-09	4.046452671348431e-08	1.6231051042885676e-08	5.14715206964159e-10	7.771391707933617e-08	7.541573410208002e-08	2.0519439798099323e-09	5.557579590182675e-08	1.7045766576018195e-08	5.846864928723708e-09	4.1205815902247064e-08	5.08294391973355e-08	4.096080768218562e-09
1937	9.091903610932865e-09	5.5085555799345394e-09	1.238345997174e-09	6.736441055770521e-09	1.049451409900521e-08	1.4305012412713885e-09	3.842078553719018e-08	1.9405260636468872e-08	3.508486041375087e-10	7.41263337695435e-08	7.593355683915043e-08	1.3964775685033309e-09	5.490749137899391e-08	1.711502761736483e-08	5.439946160201714e-09	3.98437739944159e-08	5.317660369184653e-08	3.848703094317634e-09
1938	8.198911137315333e-09	5.2610586680807665e-09	1.238345997174e-09	5.129054577882439e-09	1.186710877184741e-08	1.4305012412713885e-09	3.6988758215069795e-08	2.0461402730883752e-08	3.508486041375087e-10	6.15560136196791e-08	6.88822200548397e-08	1.2253121374681898e-09	5.534752440488384e-08	1.912393684680832e-08	5.36513463814511e-09	3.685346834052845e-08	5.2490684814594194e-08	4.651121202467071e-09
1939	6.799612809313008e-09	4.034805791062825e-09	1.5769689046659811e-09	4.436873218034114e-09	1.4403046691821179e-08	1.4305012412713885e-09	3.73475635179992e-08	1.6711982083908846e-08	1.7987311640155212e-10	1.2860005251168006e-07	7.14637065714539e-08	4.271564023129924e-09	5.4495785915621905e-08	2.200237769756086e-08	4.971689710713585e-09	3.5765622844305e-08	5.015269342680183e-08	4.904378458903125e-09
1940	6.214343325642144e-09	2.9621025949515864e-09	1.877611177647509e-09	6.305659803830719e-09	1.2151796965501457e-08	2.153644167763551e-09	4.29347026502975e-08	1.985197193933784e-08	1.7987311640155212e-10	1.3294294807865625e-07	6.210557262115962e-08	4.271564023129924e-09	5.596983930290987e-08	2.6338520190246787e-08	5.0286006628549475e-09	3.6339456650174336e-08	4.631432126700474e-08	5.635391042702054e-09
1941	9.227855432162154e-09	4.477078612603285e-09	2.3716432944504665e-09	8.314668001726692e-09	1.398516788090173e-08	6.045342623320746e-09	4.8195401193749735e-08	2.2184480094214872e-08	0.0	1.290184337778198e-07	5.987934782934547e-08	4.730590617642503e-09	5.876667355916457e-08	3.107867144588486e-08	5.692885797690752e-09	3.714747392231337e-08	3.560077058547709e-08	7.53137625280382e-09
1942	3.101440938989088e-08	9.256747527227764e-09	1.0568577727251442e-08	1.668946098780972e-08	1.2225558660665975e-08	8.119180486662207e-09	5.7199201311927284e-08	3.227691136586941e-08	3.112148634037177e-10	1.4494329723748122e-07	5.2391246515729306e-08	4.671370782257814e-09	5.8880536509978553e-08	3.5415994581455834e-08	7.733974365693136e-09	3.739035874567824e-08	3.578594614290458e-08	1.026476678259566e-08
1943	6.53884875769149e-08	1.5015274579255333e-08	1.5178672890010196e-08	3.185344597613136e-08	2.5475491050030996e-08	1.3688348105793985e-08	6.625476345334391e-08	4.0332633677309104e-08	7.089606996706672e-10	1.5740478761675343e-07	5.638239348420322e-08	5.069116618524763e-09	5.229545685381254e-08	4.066791944471301e-08	7.642151054833489e-09	3.061829672341381e-08	3.7424878941903576e-08	1.096709539056511e-08
1944	8.54403430545452e-08	2.7352592540148228e-08	2.078654464427692e-08	4.5668400109174656e-08	4.0904565068444754e-08	1.667921305832059e-08	7.042261478724348e-08	4.271086995188966e-08	1.0495570127285907e-09	1.7472891451169354e-07	6.780809019042116e-08	5.580011088111649e-09	5.5025207247792555e-08	4.609100859706164e-08	1.0070347635147771e-08	3.2457885775930406e-08	3.6154320426362574e-08	1.2870782312950674e-08
1945	1.1420405700489158e-07	4.173965782529519e-08	2.8711241479533508e-08	5.740869164177249e-08	4.8273499483489756e-08	1.932077850089594e-08	8.235870195351578e-08	4.637108976167172e-08	1.2048696960777404e-09	1.9094703316925787e-07	8.200658349214304e-08	5.7353237714607985e-09	6.249231456121964e-08	4.9379689670558946e-08	1.151859671136687e-08	4.020218418483117e-08	3.8218177575036605e-08	1.7073963988676966e-08
1946	1.4172465905610515e-07	4.8286653786533407e-08	3.816030110951171e-08	7.581885595543878e-08	5.814867977603301e-08	2.1884219262143948e-08	9.686780698205308e-08	5.069316217592197e-08	1.4853556480025937e-09	1.393665008159977e-07	1.2007650810172015e-07	2.5354093427917437e-09	6.926116569161422e-08	4.990925970917358e-08	1.2148204981648242e-08	4.4098927430370945e-08	4.162438216326336e-08	1.8390722468706955e-08
1947	1.505754758974425e-07	5.6850648760027004e-08	4.251400406321945e-08	9.147257757596045e-08	6.20445085784484e-08	2.1726987701039694e-08	1.0097386799705938e-07	5.4113596651258633e-08	4.068229245543112e-09	1.477554799781241e-07	1.6145581887323196e-07	8.156957522130272e-09	7.458040991130993e-08	5.0672886585191786e-08	1.3171714132097025e-08	4.640182435114834e-08	4.165297592554193e-08	1.9369339529110415e-08
1948	1.6196158623772915e-07	6.132706482324985e-08	4.40162745616947e-08	9.997447847354124e-08	6.486917707755018e-08	1.9655954578265015e-08	1.0716777865127369e-07	5.5617669707836674e-08	5.591286608311716e-09	1.4431615978440148e-07	1.6569506706381227e-07	9.220988290386295e-09	7.701537845556621e-08	4.9017343327152826e-08	1.4234668935638898e-08	5.810356792527013e-08	4.277681497910635e-08	1.9801472588605e-08
1949	1.4734659054787308e-07	6.671834031278325e-08	3.773236910222165e-08	9.83771139471758e-08	6.737362997658433e-08	1.8351169472907713e-08	1.0973351598814978e-07	4.98369761966647e-08	6.0332720406920865e-09	1.3712333465524092e-07	1.5729388433019915e-07	9.361693579076506e-09	7.984221740896049e-08	4.7414365513174876e-08	1.3533231805037564e-08	6.075703495866946e-08	4.135619694320017e-08	1.8500652819243768e-08
1950	1.2659656535772358e-07	6.90600140883037e-08	3.959013789816319e-08	9.187793586258002e-08	5.967079402020253e-08	1.480124086786613e-08	1.106069750075481e-07	4.4844440795697797e-08	7.0207325667378686e-09	1.349030652266135e-07	1.6915907201970575e-07	1.1118713251688308e-08	7.613370809979512e-08	3.769001466480404e-08	1.405827644772119e-08	6.590479933216947e-08	3.8839487562622055e-08	1.8385455951326028e-08
1951	1.2517302343845976e-07	6.796285794458917e-08	4.279212311481777e-08	9.339824152172177e-08	5.051195246202107e-08	1.5303939956571152e-08	1.212183166541893e-07	4.099796692612147e-08	7.517782206280442e-09	1.5779319539888093e-07	1.6151365958957546e-07	1.2701933631882006e-08	7.652909671053618e-08	3.495895991737338e-08	1.3613122946359063e-08	6.574596207136502e-08	4.05726494940544e-08	1.810480007183709e-08
1952	1.1738744630309026e-07	6.491051658079933e-08	4.1245914112713374e-08	9.611585533824446e-08	5.091008579784427e-08	1.819039699820938e-08	1.2866389604531442e-07	3.7833521712319195e-08	9.37367114087603e-09	1.63331380674338e-07	1.6035452280302058e-07	1.576454363875054e-08	7.432701819100527e-08	3.286672394559835e-08	1.3477650741476412e-08	6.17807686913758e-08	3.987480821722654e-08	1.5469723660796068e-08
1953	1.2833021451846044e-07	7.136040076310174e-08	4.224699168275947e-08	9.388883067832207e-08	4.7734724109968086e-08	2.215039225055599e-08	1.3369694227906491e-07	3.987062032909502e-08	1.4201282499166318e-08	1.9817090089548272e-07	1.3273184507056612e-07	1.9174724157673088e-08	7.499227803821538e-08	3.462342412774433e-08	1.4807162099625008e-08	6.247093001629115e-08	5.039581247550424e-08	1.7107424175679042e-08
1954	1.4807948797316124e-07	8.95937536224015e-08	4.798601084741806e-08	8.785121100426555e-08	5.285426927871738e-08	2.8668529899229204e-08	1.5957482548044156e-07	4.3427516059425993e-08	1.3385416394332391e-08	2.0409732266151487e-07	1.0606536702896716e-07	2.087363589911969e-08	7.907328937660298e-08	3.385423370210512e-08	1.8429615421057732e-08	6.224155565551623e-08	5.0543245017869206e-08	1.9026585894112358e-08
1955	1.566897007064329e-07	1.0895409831489036e-07	5.62358088984638e-08	9.022113494389877e-08	6.031593637244117e-08	3.176601762585765e-08	1.60090513036591e-07	4.689167175188556e-08	1.2807758282511778e-08	2.0870178474297063e-07	1.294067740583874e-07	2.4077574727649724e-08	9.304227331443014e-08	3.742714303557802e-08	2.1311116934644555e-08	5.801078119459037e-08	5.554829333017811e-08	1.9677156285321677e-08
1956	1.6832093458723258e-07	1.2985314766313293e-07	7.416428766353939e-08	1.0023486193436579e-07	6.738291042600914e-08	3.828134685436778e-08	1.7053700064804745e-07	7.081074596523454e-08	1.3936882505203942e-08	2.1585358313456838e-07	1.4333872806154041e-07	2.550797909403205e-08	9.792304008929672e-08	3.901986568775685e-08	2.2641088242331923e-08	5.752483949501246e-08	5.932976522769552e-08	2.1166695697770266e-08
1957	1.7458265639496468e-07	1.4476164368813572e-07	8.159536640001924e-08	1.1253481651302926e-07	8.12229557262916e-08	4.389904668349638e-08	1.8223593859342406e-07	8.059566271510579e-08	1.4034711805420232e-08	2.1765128061750666e-07	1.3939682170465468e-07	2.701136825322692e-08	1.04292995826784e-07	4.4671768252767056e-08	2.6040938167730994e-08	6.118437616870714e-08	6.421127857996517e-08	2.4717436859183247e-08
1958	1.8135133454203847e-07	1.5577506218278359e-07	8.491642766728091e-08	1.1250638465298834e-07	8.625404627575033e-08	4.713972974930888e-08	1.9029463752910183e-07	8.89791292498406e-08	1.5396576828289692e-08	2.0278355587303545e-07	1.518798361151615e-07	2.9070128970687392e-08	1.091302290016453e-07	4.675989225451834e-08	2.776981030313171e-08	6.419401010759884e-08	6.686394193877732e-08	2.641416863014001e-08
1959	1.8825220990947855e-07	1.706578430571426e-07	9.296983023432404e-08	1.1476659409481726e-07	9.020925233471644e-08	4.8828444221271636e-08	1.9531622683643945e-07	1.0076816607806904e-07	1.5660209928824996e-08	2.0579783495122682e-07	1.5278499461146565e-07	3.0379062998520115e-08	1.1472054808336907e-07	5.030247720583247e-08	3.0480227053431006e-08	6.730972188506711e-08	7.124745806663669e-08	2.8272517837990562e-08
1960	1.668191842441047e-07	1.8939258339401022e-07	9.733195760475155e-08	1.1513774822446976e-07	9.629616215534043e-08	4.9619542252798965e-08	1.9705111853340895e-07	1.133145524079282e-07	1.063609211815475e-08	1.545558490079202e-07	1.598031609262307e-07	3.077888677260887e-08	1.2400144910884592e-07	5.1529150724149986e-08	3.381988555872795e-08	7.078545127825464e-08	5.835041161361687e-08	2.937165133332087e-08
