	burn	dive	dream	dwell	kneel	learn	light	slink	spill	spoil	strive	wake
1800	0.2654323349200597	0.09106118258592057	0.5922465748250163	0.02690312722821826	0.412084946975382	0.901416618295043	0.6405788046291506	0.0028455617978754705	0.19177657125484898	0.910270219630526	0.007607555548738421	0.6565472563842866
1801	0.2677258782185618	0.08573127013353182	0.5739591788815036	0.024340430912201706	0.4446066495203471	0.9029360322183468	0.6238451412581251	0.0024152832542094216	0.17892697978280472	0.9138578056008032	0.008530882872045056	0.6849569052732944
1802	0.2640854045945384	0.08311721146326871	0.5723348876563348	0.02482937022442283	0.47048945006745685	0.9043030551617756	0.6226816008740478	0.0020028078966178183	0.1771963157296245	0.9112486929852808	0.009901983559750529	0.7037878235030185
1803	0.25929899089253927	0.07931077075713013	0.5746146537848422	0.0253859585517972	0.486030846727598	0.9053158936973454	0.6259547033107893	0.0038922027014476044	0.16989795653756112	0.9146080333542882	0.009450138734913016	0.7272067192640073
1804	0.2508854023867366	0.06874411385753851	0.5449711774011137	0.0277788734485921	0.5127144991710991	0.9094062897980985	0.6143278386208088	0.004284310857176535	0.14778279103379957	0.9258578004347301	0.01027355179800976	0.7814110587296978
1805	0.25976406007846703	0.06392258647379329	0.5469665257566623	0.02948640366575711	0.5375774867651666	0.9105812427236958	0.6179787600970694	0.015072398800830646	0.14480823457155426	0.9281550860550968	0.01033792954613531	0.778098989925925
1806	0.25518157497168237	0.061533964036776044	0.558707248374622	0.033918669672274006	0.5692196963186372	0.911180507355905	0.6289725131970444	0.013607430248243025	0.13864073515368142	0.9327231956865708	0.01105076799241315	0.8032811190600855
1807	0.24621341454403858	0.060181817408536176	0.5697190270472281	0.03736539397091573	0.6172266983076113	0.9124052797059008	0.632094556627798	0.02124065023450435	0.13346471585145878	0.9332984753089616	0.010351240954249212	0.7936714880564084
1808	0.2403142243426467	0.059398359964183904	0.5847956388165418	0.04222134014528377	0.6239220200092708	0.9123640674097453	0.6519889219813402	0.022548632585318768	0.13832263799922548	0.9363171718435311	0.010437928536863213	0.7871708142398556
1809	0.23915327036270204	0.058756801257771676	0.588781108074989	0.04792060233034479	0.621736675620475	0.9179783634772707	0.6578834837994966	0.026839872370337237	0.13569536324152182	0.9406775232910601	0.009933676689854109	0.7804825169155304
1810	0.23594319781940917	0.06148473526211909	0.584946994924765	0.047335814454405836	0.6221720573004127	0.9181377892679299	0.667450413813573	0.02383605952121484	0.13754528226999524	0.9393702033149962	0.010782667577500255	0.7493151293864381
1811	0.23045587428614087	0.0640921077987327	0.5937955477293592	0.04221504114879126	0.6082531388419076	0.9187794896962155	0.6847376819439227	0.0279721485235858	0.1406480177609839	0.9322655206851468	0.012164680932008544	0.7351183084628914
1812	0.22274350296980477	0.06652185102992708	0.5865403817680599	0.039766937963673844	0.5791476378839441	0.9184551579701946	0.7045828495382979	0.01767471027615699	0.146804885561476	0.9254058114943441	0.01357835595383597	0.7227647114887017
1813	0.2172767923464116	0.06364501134991984	0.5831756766331703	0.036453136874714395	0.5733874931554017	0.922326540993471	0.7003206188575989	0.01955630125438708	0.14797520010020382	0.9249077246049472	0.013795408210083194	0.7209461757402823
1814	0.21982888972084505	0.07153366942924799	0.5672198197690415	0.032178627786962226	0.5347118602773155	0.922148785584683	0.7105946140066496	0.01314517665933522	0.16301544027061463	0.9195608442883787	0.014878631141217362	0.7135281846928065
1815	0.22015691402711823	0.07593097038782866	0.5642291471316719	0.027631963175486274	0.505409028363742	0.9231204461641068	0.7219105342060332	0.012194152924636492	0.1674084921766905	0.912692487602989	0.014517307795571244	0.6967041845980635
1816	0.22029261687236518	0.0763031449012351	0.5565416001574047	0.020215863454309778	0.49348950821221743	0.9194201783392105	0.7326216033601209	0.010040344448207155	0.1685836928268634	0.9075098310515469	0.013181001035083536	0.6827521825588398
1817	0.22632621418468954	0.08184902619972605	0.5518131541760576	0.018992581687151622	0.4820705677550278	0.9208946271215627	0.7408546843240426	0.01271647965442542	0.17549120116458783	0.9075597842934905	0.012399257845927478	0.6806343146124724
1818	0.23332961508195535	0.08452748378552713	0.5453862809249989	0.017861469465379677	0.4610106698627526	0.9225192405321089	0.7562598493514215	0.00827662583754386	0.17912392341679914	0.9120111768150322	0.01209559392208536	0.67824211223762
1819	0.23879887761841453	0.08722850673105532	0.5529989973616244	0.019021505814425056	0.4526081097432633	0.9241964568577775	0.7584537431201056	0.007177564408743364	0.17554304242085245	0.9169599026701173	0.010954044293002754	0.6767778409565798
1820	0.2444629286620541	0.08969416927182652	0.5488398947311784	0.01762950147964407	0.4219345456575704	0.9222367394546336	0.7755738674155515	0.005840417169502581	0.1866396936861293	0.9127865444252056	0.011290020375627548	0.6691902952704389
1821	0.24556549147634324	0.08661956826584509	0.5567148615280507	0.017297788263419878	0.4182009751893764	0.922109455771366	0.7785322391870508	0.005275820285715814	0.1846040266351629	0.9158290245893005	0.01145433782991814	0.6684185322017665
1822	0.24813653101775973	0.08222007819094154	0.5651641485444586	0.01699916695922607	0.400996781589769	0.9214208032359686	0.7802290525498728	0.005845234466582434	0.18376516432992632	0.9163230573044453	0.01157822243723629	0.6656479397561578
1823	0.25367610345566755	0.08396603204754594	0.5699400005913785	0.016692263623070233	0.38051048541294047	0.9209504203217213	0.7836312303021875	0.00584583695976544	0.1818681022156547	0.9182078104060898	0.012777458011512218	0.6579749155002622
1824	0.25941987942888717	0.08180146907888891	0.5797070635817857	0.017453939956047982	0.351707180540105	0.9197838511245716	0.785282487802272	0.005208780913796994	0.18993674259303944	0.9162967605961148	0.014559289167704704	0.6440036445761856
1825	0.2655057131154544	0.078211695395942	0.5911922099475622	0.01732739420145716	0.35551843290185287	0.917405325085938	0.7822533428891443	0.005363747163936081	0.1941241374930139	0.9134736878057278	0.015087082482965863	0.632437583563078
1826	0.26862773105845966	0.07766772060768745	0.6023301140362323	0.01542086100423115	0.34528221873019854	0.9174755228164335	0.7805591274693496	0.005233725033730154	0.20179435031705664	0.9112673179759465	0.015914741129339577	0.6030436474026113
1827	0.2775995413519572	0.08034123423131291	0.6061563368385089	0.015089250952772656	0.32735646057950646	0.9176770679117473	0.7772217745702247	0.0048833772285486	0.20701412684953477	0.9082736242252266	0.015050979636959876	0.5801988867293667
1828	0.287062311750066	0.08203413252566336	0.6139651839424233	0.01563790613564516	0.3141894457359643	0.9197219258548502	0.7734420419007573	0.0047323896323057234	0.21798566156893254	0.9077129591674208	0.014203379634429102	0.5627926585802818
1829	0.30071895716914565	0.08844521559061652	0.6188595569257174	0.015937242789864497	0.30740604151260253	0.9232737905078956	0.7676729964445166	0.004146932061655607	0.23588166373515945	0.9038089616099192	0.014422933153839851	0.5503683460352325
1830	0.3054123515462857	0.09208460801494955	0.6293624757724736	0.015633159727502535	0.30131421610759007	0.9260094826478209	0.765385294113009	0.0037446856823681574	0.24935130719959137	0.8987145433763631	0.013732312128765614	0.5450492174302048
1831	0.30860568407838046	0.09323204663043246	0.6405023532462747	0.014649882634083315	0.29321835371858695	0.928692502569021	0.7611477171682439	0.00249667733285575	0.25405920443244767	0.8969122862789771	0.012078678555257537	0.5426326683616088
1832	0.31320509042778716	0.10177712107806934	0.6464592800228302	0.014749647824738832	0.2740000577176565	0.9296155292276509	0.7595862062274666	0.002513159217072332	0.25880936099370455	0.8963412590748948	0.010457390861279845	0.5347390925443831
1833	0.3187348324169152	0.10738873047307328	0.6506059186096926	0.014764302147521955	0.2621555555319975	0.9305656323043391	0.7584826995005644	0.005378784067157373	0.26239009730551344	0.8917023398924282	0.009921860273380533	0.5379359250802644
1834	0.32129822329615554	0.10995827029310498	0.6622921337124945	0.014192457179702292	0.2679773664228341	0.9303312264029796	0.7545461126713973	0.0054383191502733125	0.25576222816131944	0.8925970229237635	0.01039276976785361	0.5299882401193263
1835	0.3262890543935573	0.11014993652582018	0.6671601056796287	0.013694398243001083	0.2601342056383344	0.9293115139991006	0.7524093513201737	0.007166885737318469	0.25684749412597907	0.8881339124268697	0.010685077545369705	0.5155627281807226
1836	0.3224547668018755	0.10690781132667725	0.6666894296020238	0.014539242425073689	0.2520855810359128	0.9264698358942773	0.752885222973567	0.009098243985692814	0.24576224004401248	0.8854901906405152	0.010799242421624273	0.5045854066811942
1837	0.32671048332241226	0.10415219847157153	0.6740375417632402	0.014569357842024655	0.24861179675171127	0.9250871783409418	0.752201594166556	0.01107523151943713	0.24301794636341453	0.8848096825222601	0.011233968232675095	0.49292996234340825
1838	0.335434918853913	0.10532387655058514	0.6801279982056988	0.01406382418848433	0.24176902721303928	0.9237809304303322	0.7526770645887083	0.014151367859641367	0.24212284501295833	0.8826938816735391	0.011150170977144633	0.4816561916758833
1839	0.34799722771181024	0.10336278816056624	0.6825857922239454	0.013846512550383891	0.23736240451274151	0.924209375673602	0.7559446920019331	0.014112279539575256	0.24747875297492303	0.87983403387117	0.011465344207967873	0.467951290084985
1840	0.35534072979711123	0.10332085591961217	0.6845987214465641	0.01386553186982338	0.2326325714896536	0.9246623942801077	0.7567020492661609	0.012195996299882666	0.24953599072511348	0.8757385705017121	0.012006336209691455	0.45574197797350147
1841	0.36570427346135453	0.1041556316477735	0.6915299001786858	0.014718329959237362	0.2242356094013997	0.9247085500497645	0.7574011004159761	0.012695756520298028	0.2602406350336204	0.8699628114109412	0.012171959881717617	0.45136330168646754
1842	0.3710078805579523	0.10438587433749555	0.694572098743674	0.014680540739366475	0.21866245755801356	0.9238769586343496	0.7558471492700768	0.011378637079874706	0.254619091967945	0.8679351448287791	0.013943852276563118	0.44774498405418134
1843	0.3797447431081769	0.108993246820099	0.6968077775302507	0.013133875914150042	0.2152796721694465	0.9248216239170176	0.7577947360608631	0.010346481052563257	0.2575044611342801	0.8670785144269957	0.01412621233130486	0.44131422692449696
1844	0.38596212085565135	0.11100676705324744	0.6989235763694611	0.013269953158454275	0.20690732382620322	0.9241403881906516	0.7567921995505756	0.008918017213424521	0.26838041744300833	0.8663183391424822	0.013676555567581003	0.4360266795333771
1845	0.38807174206866285	0.11085007548682015	0.7013870256120959	0.014774835307994158	0.20413430517793493	0.9230663667233995	0.7570246048640114	0.006346542625024579	0.2739559579574465	0.8636272792177552	0.013874023059156587	0.4296390384335033
1846	0.38786970238874907	0.10992852373239993	0.7050313394062541	0.014228203134443115	0.2009438768304277	0.9211011453367957	0.751563807176353	0.006138086458239981	0.2762048355620847	0.8618732058285664	0.014061768780807317	0.42167925989534916
1847	0.3897578460989868	0.10655128197742884	0.7094347270754252	0.013785106798860051	0.19634665549537336	0.9200747956543259	0.7427209596642069	0.005277673174877142	0.2743763388745241	0.8610481900834288	0.013440073123517542	0.4158371772964407
1848	0.3902499344428705	0.10356891293540331	0.7072090465491575	0.012924408061403499	0.18896496442828384	0.9201478041341401	0.7382567123709416	0.007730146387887946	0.27699867549807755	0.8604592632947314	0.012840558326992909	0.4067187669342622
1849	0.39071781942687567	0.10530101700996647	0.7114436471580857	0.011903210174289951	0.18398928592554775	0.9191849635860255	0.7318028775258344	0.00773835418694595	0.2844842067255205	0.8537391437892181	0.010850522644556581	0.3982678576939244
1850	0.3892405770553331	0.10336317192378561	0.7156230398663282	0.012049061497496011	0.1828997098897923	0.9186805284186521	0.7249244264480581	0.007306721464117587	0.28674508268348736	0.8501630034787938	0.010534303420109484	0.3996229537995649
1851	0.39156018812903903	0.10303575710764472	0.7170659071019838	0.011414933154941952	0.1841694177996991	0.9179132476042919	0.7159506806514151	0.007152562955192878	0.283254125239933	0.8457715897319458	0.010222738498041214	0.39693293356103027
1852	0.39580538853028907	0.1024062669282784	0.7212331020122835	0.010074717000584753	0.18160018421437576	0.9178087390167472	0.7088270476867248	0.009994196017920379	0.27928307404997943	0.8407008017364087	0.009635859205520363	0.3937694191676938
1853	0.40230515132591704	0.10325525940016539	0.727566082230338	0.01017556423171373	0.18163387650283916	0.9186358176813809	0.7041801518456826	0.011098355116051945	0.2790570732642452	0.8361265469220441	0.009812986604443822	0.3980868146934506
1854	0.4052989895172107	0.10538556355336015	0.728993998073159	0.009843665137202584	0.18120751431632956	0.9170879484636494	0.700592317718143	0.01355682982556008	0.2858007138524905	0.8304019436141757	0.010445492164465959	0.39755062009229813
1855	0.4098510684698831	0.1073366863971617	0.732585944060376	0.011193132487595656	0.1844334235266846	0.9150016604089656	0.695450799657858	0.012112565705036877	0.2836110383433662	0.8265358277783418	0.010786677853845609	0.3944527968702038
1856	0.41561873185998716	0.10634467677159792	0.7327294086909243	0.011375158174487766	0.1860024103837659	0.9136588233333336	0.6935349148869698	0.014980924113388831	0.28934808744259816	0.8251274434479308	0.010583003869982602	0.3925509085096306
1857	0.42450685169928637	0.10696989731594134	0.7351678229857146	0.010927921805581628	0.1834290772008476	0.9109488000938912	0.6896116734949239	0.016286838171084485	0.2927950089306847	0.8234396413638186	0.01001234790269139	0.3815534739999467
1858	0.4289239244382389	0.10942681168252154	0.7299388974759089	0.011310433914086582	0.1804799704992943	0.9078426229193433	0.6913822685939168	0.01883255675525241	0.29986391569258347	0.8164002569713017	0.009998602487996864	0.3726035125867986
1859	0.43095829483303844	0.10963961185308965	0.7181382260105362	0.0108744658977642	0.17967119416536334	0.9029739280079657	0.6871861349136483	0.01776444759737725	0.304468889714603	0.8071209856169929	0.010219994327463804	0.353543716620734
1860	0.4305510963160374	0.11032111478565379	0.7106233093073201	0.010650411515463665	0.1777521653897094	0.899342869217628	0.6827658569210701	0.01844074163475496	0.3121976440557409	0.8036172770762625	0.010080330601079053	0.33924488306887945
1861	0.4431526160982671	0.11083103522023302	0.7079161597299819	0.011377662163090751	0.1761700141625893	0.8963019834064906	0.6788344838754542	0.016393222583018043	0.31565525639020814	0.7992990590850031	0.008883687476285136	0.32675854507541113
1862	0.4452788856960613	0.11426489752022438	0.7060959127841759	0.009920907457158274	0.1704702118595865	0.8935400883421523	0.6823042489583958	0.01820951665608724	0.32151634535309925	0.7897967215364422	0.00828828126142238	0.3174449668381182
1863	0.4507924074645915	0.1155169624335933	0.7037719225608211	0.010222601554442106	0.16648074579299865	0.8916580520446558	0.6817158008227835	0.01443837155673577	0.3278005614790627	0.7805577547685975	0.008081264324921877	0.3102120048843497
1864	0.4543220743819643	0.11701975959626218	0.7015290888239831	0.010467831009252302	0.1642867565826735	0.8900281061267575	0.6830357054032927	0.013016389853661386	0.3304147621846741	0.7728288418530705	0.00839484818641205	0.30456925507650257
1865	0.4578519068001767	0.11700854212146976	0.7094658059387067	0.010726398207110919	0.16498133764906953	0.8887942342522416	0.6818300258915504	0.01179977732131097	0.334366395239633	0.7652422596359656	0.00854034862124048	0.29651038037126776
1866	0.46077601037494503	0.11857345097981659	0.7172993040790187	0.01112767007783905	0.16290685191891668	0.8906126895996028	0.6846285251553611	0.01050537705932256	0.33746051919255077	0.7669360084359605	0.00809327689923284	0.2999026068815069
1867	0.4621859328874074	0.12105586379535244	0.7231159417417528	0.011159323867041698	0.16111208200161065	0.8914279907681016	0.6861458904430485	0.01035965382644123	0.3338912465217002	0.7642747629278809	0.007564953305823616	0.3003061328886355
1868	0.4551433446450367	0.12009801890189403	0.7290725339538076	0.011372195595426737	0.16141013538732388	0.8917644735655491	0.6863860834341021	0.01015757349520474	0.3341338185677962	0.7615692150783832	0.00772977661604896	0.29774629026520855
1869	0.4702993269149229	0.11536874904704617	0.7327995449604459	0.011640053385776086	0.1557105766118898	0.8939463030461473	0.6787576992568989	0.006965307342559332	0.33762572005976577	0.761118664952102	0.007504825868235912	0.3001410952643851
1870	0.47078344173788933	0.11559916725865879	0.7401131912672502	0.011913079168075474	0.15342427944991224	0.8941452689990224	0.6749071822199177	0.008471404362179889	0.33518597819809653	0.7608436099213973	0.007633138786834111	0.29552572758216517
1871	0.47458414222564205	0.11465449783358451	0.7425569377994277	0.011970848685916469	0.14900872327416728	0.8938770765372123	0.6705737278486125	0.008878684704517586	0.3397624826002231	0.7556901631999454	0.007324812606555398	0.2938235559189913
1872	0.4795379029891772	0.11653862194577004	0.7422394108474372	0.011987970205424104	0.14496667145991132	0.8964887297486945	0.6687799330718645	0.008733742807546565	0.3425545609922345	0.7598518826164439	0.008062647750438042	0.2961132719221986
1873	0.48729439637082206	0.1182959070467466	0.7408873785222031	0.012845548177246884	0.14404820195449908	0.8962755191557544	0.6639500800318175	0.008723380978122263	0.3428143379937219	0.7555195239283818	0.008170805789984028	0.29901705188607797
1874	0.49475062644576184	0.11718624725245849	0.740381959748711	0.013239091155203145	0.14373799217103603	0.8953085243076191	0.6582966839362748	0.007662289364877038	0.3497379852385028	0.7521356153389217	0.007629733660816289	0.29481497654114497
1875	0.5045976410988596	0.12114567715476313	0.7398311920698704	0.013063228980182142	0.1377068170331482	0.8963919833030644	0.6570004440614043	0.00843958357460982	0.3544324899062692	0.7479068605425286	0.007241573153536622	0.2941594697853632
1876	0.49984973589086196	0.12626576663370775	0.7410369343278506	0.013482759177365015	0.13903382542071008	0.8958226571523029	0.6585491248061779	0.008524370665456468	0.3587222520246896	0.7481428913703875	0.007212845741579736	0.28887172154507756
1877	0.5067892406660006	0.13104610794960161	0.7412185245744801	0.012653609624915744	0.14142079997570545	0.8972342543187907	0.6567951385085817	0.00900527308107969	0.36049974575301114	0.7468008906408705	0.006868735624691701	0.29528957006110595
1878	0.5134054403554484	0.13125564946537932	0.7424878286655971	0.012262570924247842	0.14390781687375495	0.8996717831981239	0.6518108432371815	0.009924116610253613	0.365618451223974	0.7513493636856796	0.007169689545773995	0.2950295843240101
1879	0.521081341222289	0.12984732042780142	0.742290271422068	0.012013567831327093	0.14223122783776207	0.9013563635873488	0.6472760573839534	0.009803624477126554	0.3675135703311183	0.7509682154423865	0.005948576099297916	0.2952615439207995
1880	0.5275685496486977	0.12877560494813392	0.7478230396633911	0.011806345497753529	0.1438824673121192	0.9044342715823239	0.6467889858305014	0.008901756727371939	0.37219540334557194	0.7506980833509482	0.006388500085576661	0.2912956166370509
1881	0.5326339106937344	0.12944980443103546	0.7492764422912624	0.011109972614745016	0.14165797589586304	0.9057273314034873	0.6469703684586691	0.009149522881725953	0.37204844268124454	0.749323096082167	0.006660023550713182	0.2929599997448851
1882	0.5364832791018839	0.12814307509124964	0.7503719851650028	0.01102324213774001	0.14303914081950833	0.9069247792854387	0.6466724618567135	0.009074390471296347	0.38084202901811964	0.7526065903725901	0.007144390281648437	0.2926471236814627
1883	0.5477555108652054	0.1263220543418718	0.7552640888711472	0.010935132065921345	0.14341956405023443	0.9095743499558743	0.6459435259112071	0.009623424745614215	0.3889699531139009	0.7509851519252564	0.007105727855336913	0.29468224575227714
1884	0.5564053720547432	0.12357621650273899	0.7550328197626844	0.011623914472392036	0.14011281710126788	0.9125179878446522	0.6472602398090971	0.008288270477905214	0.3952122708764303	0.7552381192580343	0.0074214697871503735	0.29065394609675294
1885	0.5638283432950922	0.12413374727203454	0.7603552578548108	0.01226761731495521	0.1359058791547195	0.9147407686640188	0.6523352377333781	0.007169702936150191	0.3969454971538122	0.7538175732346387	0.0068239702095600745	0.2920843530522188
1886	0.5692574612150799	0.12576418752504598	0.76433620570937	0.013396037154456399	0.13780551072758312	0.9136868772886607	0.6561718786896273	0.006344709774455611	0.40543076419955365	0.7546994219212951	0.007286758163302451	0.28726209132702624
1887	0.5747450679688729	0.1274495954640963	0.768924113495778	0.013238637454457495	0.13459521946648237	0.9130543453297805	0.6572723462903016	0.00678657665140872	0.4170522177320257	0.7557314419259493	0.006534900620365016	0.2863047231377199
1888	0.5820456093513686	0.1282563869482339	0.7731665996109746	0.0140896677013678	0.13201794399953412	0.9139210476748227	0.6590952618706163	0.0063047322486171785	0.4259822131597857	0.7566361227139201	0.006412051528088835	0.2855416966098861
1889	0.5911844595759906	0.1318546358493749	0.7781920030051644	0.014566428697777339	0.12911567998504897	0.9131217405682613	0.6632592127902457	0.007596303962870499	0.42915794674741753	0.7542532887652853	0.006071172963690621	0.2869131346828361
1890	0.591886512351514	0.13452834621342555	0.7794641592793382	0.014497712642313497	0.12975358967456638	0.9121015898754883	0.6674784124149542	0.007626518617404941	0.43316536405410005	0.7546426733511687	0.006226330651110192	0.2910994642104164
1891	0.5959832719627551	0.13657327557088048	0.7839096389524142	0.014382246010204495	0.1282057868285399	0.9100268933916539	0.6698845602936873	0.008315088783983562	0.44669946960571666	0.7540001203136624	0.006247650674834594	0.29195475679121546
1892	0.6012096068114857	0.1425611701030731	0.7842646075873788	0.014912324159040818	0.13197469924666527	0.908433676874072	0.6681170081366689	0.007759135252283905	0.458603858368898	0.7544333520365852	0.006830438878775596	0.29367230956864987
1893	0.6064483515477389	0.14798511950608934	0.7874337517648636	0.013643198215828527	0.12881124818824183	0.9087844895783121	0.6666839472702295	0.008038766067158013	0.462093992928224	0.7514774405222935	0.006776334806025891	0.2926148893703499
1894	0.613028066050723	0.15188899481071258	0.7893413907313204	0.013403185504073597	0.12615404570519614	0.9084676120129567	0.6653387645441992	0.009265990331128232	0.46748655352425356	0.7524267223104883	0.007367632727267469	0.2913104250327657
1895	0.619791824357324	0.1575180099691192	0.7931358681089553	0.013221006389060768	0.12397182493530434	0.9079424544593193	0.6654025948148194	0.009004172379705938	0.4778546857366158	0.7526766799507819	0.007492583560978743	0.28566055810162577
1896	0.6246690364135582	0.1624019473575691	0.7958714302527551	0.012901440975569143	0.12580505797656988	0.9081157375863556	0.6631108006764783	0.00785054692217705	0.48255726146312533	0.7538316952599697	0.00796396460577687	0.2820748407506426
1897	0.6325622142674724	0.16642647247574413	0.8030274968802119	0.013566789739400408	0.12551435359880336	0.9082542513078637	0.6630356613567315	0.008903780222880877	0.48323392682975225	0.7592529999325716	0.008182986570802839	0.2758988661056362
1898	0.6383079453678318	0.1688011426322964	0.8071475846730312	0.01288853494860888	0.12747371284431844	0.9098293116099294	0.6612599552195945	0.008502833021237376	0.4808857855292786	0.7590963509918797	0.008581854329150955	0.2763509454525038
1899	0.6423930209778399	0.1687149695616328	0.8111497170879458	0.012295584670640338	0.12865891060755338	0.9109188444056223	0.663051948525758	0.009347416884833306	0.4810804185440564	0.7603425790585351	0.008463221620192158	0.27619537174772013
1900	0.6444848642321264	0.16900880149681138	0.81390632761119	0.0128952577651679	0.13243062654785928	0.9124186877715406	0.6636067011915399	0.01065575508787646	0.486502485971321	0.7659474299013577	0.008943532320467877	0.2805727452589621
1901	0.6471755996949057	0.16880618773776815	0.8154406740482837	0.012907555071953085	0.13485006456064721	0.9131617927425861	0.6678380171054772	0.009540388401342458	0.4913467295878917	0.7683576164874935	0.009036763549970158	0.2838088200150483
1902	0.649401430346129	0.16858086313608345	0.8183512711019351	0.01323206614042975	0.13865624248941957	0.9133514764247268	0.6674520570101262	0.010011361138738416	0.49394630805965206	0.7703406343377039	0.009391776979293874	0.28941497594004334
1903	0.6546059264020219	0.16609180855673983	0.818653221949844	0.013948744818829333	0.13717569761637816	0.9138956858546199	0.6684628519941979	0.01052572299448214	0.5041966641166347	0.7709111181728069	0.00948866372059346	0.2935802985685328
1904	0.6554693126427023	0.16663019923303898	0.8164735965571276	0.01347683051079243	0.13635911053414654	0.9137817049467764	0.6688108807804339	0.009479959279663483	0.5165332142246871	0.7682079474193547	0.010035568586690934	0.29424090557547533
1905	0.6575073173155782	0.16698903757966568	0.8184231179485231	0.014636379631620944	0.1363807413924049	0.9128189305725888	0.6716344422403581	0.010049265772396425	0.523881059966308	0.7682294749603807	0.009987310915321592	0.2910409269316886
1906	0.6596103073720776	0.16874150892359774	0.8213357349366461	0.014976505185744532	0.1297693827068532	0.9126913470803402	0.6742637548246652	0.009992701763430001	0.5319037149277958	0.7711342203901987	0.010487652510838955	0.2892346927608262
1907	0.6655416856835225	0.16896699495100317	0.8269544649917954	0.015466029068184482	0.12716707643753047	0.9116352690194522	0.6762255285382365	0.010575596841895197	0.5385225626926071	0.7690284287409611	0.010023494501868705	0.2853559451890855
1908	0.6680795232090394	0.17244952719974532	0.8293222665785369	0.01601556214331474	0.12513005672538965	0.9118526224816567	0.6749552657074935	0.011003407486616372	0.5458787791674188	0.767933579449582	0.010050198137003707	0.2761146714476536
1909	0.6756609672109997	0.17679463318406452	0.8308456572738951	0.016008399232515763	0.1251355189523791	0.9133338432535693	0.6782852811686018	0.011175480476626606	0.5543763363188992	0.7683978597106097	0.010389239939070235	0.2719193556064878
1910	0.6797471577129247	0.18179972108481007	0.8356017877474475	0.015794058279091232	0.12283669675018902	0.9150738266374056	0.6798243991013763	0.011507292801813776	0.563964413843865	0.771331246519655	0.01063681263921494	0.2660921993392014
1911	0.685868957447303	0.18729814503831282	0.8389709936949649	0.015472833940860202	0.12135432801021019	0.9171112365697917	0.6790147908005362	0.011266374980122732	0.5762191033739275	0.7745720834810784	0.01077196886865063	0.2643647142922959
1912	0.6946073491195042	0.19539043173771853	0.8420096313651136	0.01531223823041906	0.11654800256742828	0.9198815339221444	0.6790117907569184	0.011258869953506799	0.5917397275311537	0.7825969701375033	0.011396509808690645	0.2591862760735917
1913	0.7025463560651684	0.20518187307527794	0.8469116132591644	0.01517675492718625	0.11321102956403947	0.9232221338702908	0.6745649900420569	0.011459983127688941	0.611739587155829	0.7876350291896778	0.011934837237922654	0.25120973757299325
1914	0.7105506722591816	0.22054858471871575	0.8492845713042076	0.014945697046241558	0.10850660103132924	0.9273673125579913	0.6727491963942329	0.009020614936477803	0.6336263394109717	0.7952617039386319	0.012693394678213803	0.2513449801331937
1915	0.7224278691764298	0.2487647368877547	0.8554126924893604	0.014761232327274373	0.10562564339902335	0.9314032013220404	0.6655112136572601	0.009817099466715102	0.6519572454990639	0.8053921020975033	0.013798785029068391	0.25140022171483106
1916	0.7262142252351542	0.25693262778935794	0.8600119493202338	0.01489639653543993	0.10375133062437777	0.9334935499549207	0.6588365910400146	0.010418998072538462	0.6643768031133588	0.8113420379663697	0.014327276754790567	0.245920847382824
1917	0.7278211295641409	0.2657418476495684	0.8615014354167914	0.014605640522983576	0.10504970777938094	0.933786779439699	0.6540815465833819	0.01124522299947112	0.6729189390081586	0.8147358328926622	0.014832139202204882	0.24079426954207866
1918	0.7308556982330925	0.2724308741205559	0.863818056507451	0.015018247839527234	0.10267895644367876	0.9343850049383287	0.6415024103574897	0.012264538184286088	0.6810944515638531	0.818198983236237	0.015877059172193446	0.2365281988328837
1919	0.729324009874333	0.2793256382486614	0.8645998965391006	0.015995215707442282	0.10511113627261197	0.9336580637051167	0.6342304955071945	0.012692570366263553	0.6883361669721714	0.8166921485013852	0.01652921030196094	0.23436429249723223
1920	0.7239989407277425	0.27825617299790406	0.861292983932501	0.016785034341217933	0.11237480656038379	0.9301476058955819	0.6296726777259403	0.011933964025985778	0.684797695133922	0.8101038239714934	0.01600756100218519	0.22936253388756722
1921	0.718141426630881	0.2715871754652375	0.8582935192355771	0.017204554068311884	0.1131276757033636	0.926195981385139	0.623862638590449	0.013483792527998568	0.6774533073141549	0.8027860463141574	0.017158914351827734	0.2218916613666821
1922	0.7094205931665036	0.2532655275552361	0.8544116387669349	0.01815347611134149	0.11643626489190402	0.922399096768905	0.624266201183562	0.01217334973582107	0.6729937209405024	0.7941886276072334	0.017545985592418968	0.22016872062187895
1923	0.7022204110706082	0.2532585240009311	0.8489713333449265	0.018676402119760363	0.1189300712348509	0.9184460253122275	0.6174396705375067	0.011803223620206357	0.6708137133478614	0.7862791463566594	0.017514699477590556	0.2212294797247282
1924	0.7000181947178049	0.24985809658590066	0.8459824342616872	0.019270798820040277	0.11947560554721781	0.9168353211856497	0.6111609421823726	0.010116342489442258	0.6671616414779802	0.7838308076031639	0.018036662586499008	0.22084869295733678
1925	0.6974491168186372	0.2492298247133324	0.842993574412245	0.02049103669037512	0.1212913188529405	0.9144002803597159	0.6152009567091835	0.010269549148093039	0.6669248797395259	0.7786230082552161	0.018186437866750862	0.21854598940560166
1926	0.6951042217835959	0.24860840598593584	0.8407153126302584	0.020620913993689788	0.12100022370820307	0.9126175662805979	0.6084414818162079	0.009805445530632322	0.6617000542236393	0.7745749315290581	0.018169367927973225	0.21432399733324436
1927	0.6957135529515978	0.2555690659796337	0.8394045680787767	0.021206383640288522	0.11920467710975921	0.9124310699548261	0.6059070804366856	0.010723920831961043	0.6641053171969477	0.773421037678021	0.01883862659811762	0.21178968170538545
1928	0.6961155159900384	0.2598487405614344	0.8382366032375912	0.02149222676661241	0.11952031999034889	0.9126408926948765	0.6004657599889951	0.010098676673655974	0.667310100235716	0.7719384815443182	0.018756099781554222	0.20897258014685033
1929	0.696449670528282	0.2547106673846439	0.8359049524446882	0.022035481977262607	0.11783676926486565	0.9125585527425264	0.5946983818711113	0.01097670307995699	0.6657028777859751	0.769089398527426	0.018874226302540254	0.205604004469372
1930	0.6988028603765684	0.2580850137325821	0.8347957671279449	0.023087009598734637	0.11235467524198675	0.9136632368566857	0.5917496385659815	0.01078658842303569	0.6689061706367073	0.7687426838672522	0.01997280890318291	0.19948367850724166
1931	0.6985345186260822	0.26814332521449574	0.8362839492467721	0.023900953477024478	0.10998378067157583	0.9141960971793303	0.5853457447461599	0.012524848067754757	0.6738227762431853	0.7636024465913546	0.020029431845546702	0.192588028936698
1932	0.6937488650526734	0.27008716004076017	0.835818939597224	0.023807870844476012	0.11024048257814395	0.9126899576961223	0.5767373751935608	0.013865822068668359	0.6737521734020323	0.7632449070301244	0.020150431908798054	0.187922667941586
1933	0.6937340015939664	0.26988741406947603	0.834099695222743	0.024062132319308496	0.10670193667501318	0.9127993137740917	0.562078468765031	0.016188085774123846	0.6807298536475712	0.761996868900773	0.02087476286831697	0.18603387453767256
1934	0.6952923778834497	0.2693766163321838	0.8354752973685894	0.02430915740358511	0.10375340840298677	0.9136790575193366	0.5546984897604127	0.015771355285204205	0.6851514079013705	0.761362652062413	0.021407441445201642	0.18736978866451381
1935	0.6941901111802239	0.27001940829599014	0.8380271482804095	0.02521882820215454	0.10308556064922132	0.9136629971869219	0.537049028905036	0.015332910284356367	0.6917847006914483	0.7631407679079464	0.021915755717224924	0.18315546694931054
1936	0.6981482260436411	0.27620181969209817	0.8415757179325667	0.025699761929925034	0.10170030457551212	0.9159833983693308	0.5127968931993522	0.01584893223717426	0.7052952098793603	0.7722503238496641	0.023071388567501024	0.1799979520270421
1937	0.7093260249090264	0.2757239559170225	0.848078320964501	0.02656309318231355	0.10177620508982538	0.9199044997797543	0.5037210973226759	0.018792376449397408	0.7180803270350343	0.784262551648073	0.024182688207435434	0.17930207433758893
1938	0.7198134576922862	0.27691790954312095	0.8512580169553253	0.027750956423080616	0.1034666654070945	0.924318231330677	0.48897355621251926	0.018523512627676795	0.7350857010009991	0.8004368672569823	0.026280067172012016	0.17969598665174238
1939	0.7358480563319907	0.2937624902261539	0.8579024611028876	0.029436755416628605	0.10058125069846895	0.9307198588547172	0.4798607822079376	0.01995415162212997	0.7530587476184373	0.8142125868800932	0.0279188677017004	0.1766129964794151
1940	0.7473298717764193	0.31497567800383497	0.8657738099245196	0.03172514578051586	0.10008349312912744	0.9353024005507155	0.4862646948400501	0.017427416118908218	0.7673198637313977	0.8296340586352721	0.02960921095300134	0.17134041218335674
1941	0.7557946569134077	0.3328481341415051	0.8727527537533765	0.03391093779099726	0.09717931951963896	0.9388208297710219	0.47691979698154097	0.020311235692220236	0.7797775137268874	0.8419389714355585	0.031697571261116525	0.16264389097686374
1942	0.7671956532733237	0.33770869583133095	0.8782969098433039	0.03421242721507369	0.09224753678112903	0.9436583880071713	0.48639482948724316	0.022692457004985	0.7918412081587862	0.8522917653773997	0.033895292075284	0.15893131486295226
1943	0.7685135553330874	0.34537022561723546	0.8796546067045729	0.03492460761812931	0.0924754983100991	0.943961050301236	0.4989388105369224	0.022894664140741178	0.7944477246663727	0.8516154068671032	0.03496450099434812	0.15720967326293175
1944	0.7629563263594823	0.3422551370640188	0.8770060619645267	0.03587911495733102	0.09307341003921658	0.9426758923553727	0.5062882573017528	0.020498799952045416	0.7966816327168613	0.8482840038579426	0.036232923771632466	0.15506867475552472
1945	0.7507902387680114	0.33300503961542754	0.8747585392401949	0.0364294817067718	0.09192671198698953	0.9386394339125421	0.5194582787115927	0.020030446321270594	0.7927169450463011	0.8395370344111408	0.037099439228518785	0.1506579431661541
1946	0.7458065106431281	0.31407957327966063	0.871925400981081	0.03631126008758789	0.09133221982078792	0.9365363852613059	0.5276693575850486	0.017934296604769247	0.7915893652581351	0.8294762171769735	0.03860296997722412	0.1481842213900993
1947	0.7326890555994257	0.29334256248663704	0.866783350972512	0.03555199961533129	0.09430452012022127	0.9335948417026886	0.524377044221134	0.01944328634880475	0.7859128206948788	0.8176784497424603	0.039441516169664646	0.1505287644879929
1948	0.7239696058101146	0.27025348172397073	0.8611305167712939	0.03538001295508111	0.09589291298216039	0.9311094856022126	0.5308111931569781	0.02037896898988704	0.7855105743643961	0.8092492598039035	0.04069745953105794	0.151466671709334
1949	0.7136379913873868	0.26382469975066014	0.853485122736365	0.0362928930249469	0.09791393826413798	0.9279277630373152	0.5235072224451864	0.01966355110940686	0.7788766019115207	0.8005341420237041	0.042128598328998575	0.15602173463557428
1950	0.7078619560500734	0.25865235929117997	0.8452015338023177	0.03816564180273505	0.09901491155917282	0.9261480817006632	0.5230761840282002	0.020964341627719957	0.7812378875852282	0.7971037925654022	0.04462899045906706	0.15079741693807114
1951	0.7035148563049756	0.26516525662800894	0.8436002061622966	0.039004962504603745	0.09790661438387889	0.9245427918015858	0.5160323202693091	0.02183346525344405	0.7828046461089276	0.7929898322817986	0.04631231254312741	0.14725948161711563
1952	0.7067030957306699	0.26715354959124804	0.8404256227478462	0.040109338836880906	0.09939163848349025	0.9255283105307093	0.5105056047990549	0.022427257245254996	0.7848591103669046	0.7915178133087982	0.04732061123895295	0.14531790060773003
1953	0.7004993168412166	0.2754950226535407	0.8385251199525335	0.04085596791567268	0.09916984731447288	0.9246361690529635	0.4978436559998913	0.02215810237965033	0.7843657506563886	0.7904976710921365	0.047962698432927185	0.143609862520122
1954	0.6995833541898712	0.27782886902442083	0.8375445186203931	0.04190208656481321	0.09684016239110729	0.9238800684983055	0.490464173064671	0.020350528399194	0.7894928945450551	0.7899678035448569	0.049566037239309614	0.1387823101589285
1955	0.6979251839907071	0.2812418794684023	0.8334554947894899	0.04416775399512889	0.09649714259094246	0.9223498344718994	0.48071420557056577	0.019258630353822935	0.7873374667314813	0.7913727439775092	0.05062582258444597	0.13440671178388974
1956	0.70176406773886	0.2806213554353846	0.8336765993775068	0.047040834929606506	0.09649112317257022	0.9233846528838764	0.4747550662501578	0.01897618922581484	0.7948627871727069	0.7925627084988165	0.05275708472041264	0.12868896350825199
1957	0.6996429206463521	0.2783324792151872	0.8353145540556279	0.048944566581623994	0.0959002874172041	0.922769648772316	0.46825113948554875	0.017162457230945824	0.7934799938414612	0.7917403493079749	0.05426646026897568	0.12924168410902132
1958	0.6958133931142898	0.2689585567991135	0.8343225141617917	0.05022185144723662	0.09833650239091875	0.921250814802878	0.4608210634632519	0.01961708331105933	0.7914616632501609	0.7917132915039835	0.055694979988939144	0.1278472608643529
1959	0.6902792412072545	0.26654214116230057	0.8317329522139916	0.05238477586917904	0.09968496959054289	0.919710298384296	0.4562947826140651	0.0201961180721409	0.7901457258478443	0.7885023008509222	0.057049414429625	0.1278955135125546
1960	0.6868866962435612	0.2592560342207126	0.8274588904396313	0.05538615488322757	0.10495465891336503	0.9185875229932842	0.45486137203864413	0.020736280616403993	0.7871282279536673	0.7873035571803534	0.05918530759161894	0.12642786050565757
1961	0.6821889379588644	0.2562310536769575	0.821857157905448	0.05796818446028262	0.10753834103778305	0.9173943307042938	0.44774141988648886	0.02351525871318516	0.7867815636808242	0.7880415098808675	0.060680746151479746	0.1266178545816672
1962	0.6725852730319511	0.25171380069647536	0.8206799148210028	0.059664698289022045	0.11683301257077224	0.9161509684433322	0.4423773693577753	0.02379514476139654	0.7838352928677955	0.7858277166211266	0.062153736424848866	0.12914179881537916
1963	0.6640894185360636	0.2476724621004291	0.8179608259342525	0.060768231579213156	0.11867140270125688	0.9145824327486649	0.4361178824603912	0.026531301093872986	0.7762033228526029	0.7855981822067234	0.062246564489958627	0.12743935680974827
1964	0.6585777455776111	0.2417468304761067	0.8145661056797263	0.06130686194663893	0.12350556236561269	0.9136903745274948	0.4313843128626377	0.028941800719533853	0.7742775957143643	0.786568810393603	0.06269899191583472	0.12818496377795344
1965	0.6537780659212961	0.2383249301204562	0.8107135155062223	0.062127195974987066	0.12618362304463787	0.9133382704351191	0.4291925677908147	0.02885527239982255	0.7717871790983659	0.787180040142069	0.0630475339062713	0.12912513867430755
1966	0.6523092739220637	0.2342901662225716	0.8102614227971537	0.061435020126730404	0.12842944667840606	0.9128735163228411	0.42539949375237157	0.029409958725967224	0.7713573591088859	0.7902004124053924	0.06418322192070876	0.12849194818831242
1967	0.651312460283368	0.23075744312895474	0.8096430615896884	0.06134328444016378	0.12872652147779012	0.9134651901505253	0.4206748810913099	0.03210610973547704	0.7745045929764388	0.7918482494757728	0.0652574970071089	0.12897422864972474
1968	0.6526015386466291	0.22640917576000535	0.8103152173027357	0.06151843509398589	0.12968844257899453	0.9159116611340116	0.4167126918503275	0.03573830093995493	0.7765267207360655	0.7921788571497258	0.06733683851357454	0.12583939011522868
1969	0.6595576608475977	0.2233636226010311	0.8089813924695898	0.06321039252735819	0.12662534397603434	0.9175301083749038	0.4109587455831955	0.038547632956573874	0.7877677344745639	0.79319039235311	0.0720505056144349	0.12083741322837974
1970	0.6642149552358518	0.22109463372174507	0.8071031922185464	0.06714040893221909	0.1277930763276158	0.9180511790976326	0.40562929417354854	0.03864713158438181	0.7993878201449006	0.7935504916149271	0.07615894332108604	0.11530520667616476
1971	0.6715140049783401	0.2196178883245241	0.80906903555784	0.07053266669091675	0.12478456215695888	0.9195680706571349	0.39994611991138473	0.04118959027186236	0.8127900698373128	0.7977882805622128	0.0824397177583304	0.1089443694595068
1972	0.6798416147142862	0.219206442083193	0.8068928227811076	0.07625993321456001	0.12386963571366176	0.9212732416959408	0.3914588249121785	0.04321757623816995	0.8255752158947895	0.7986149756211339	0.0906108781817443	0.10270009931663121
1973	0.6904047876121604	0.21868357626446266	0.8029153285167954	0.08323013107519468	0.11887730381629218	0.9228828252518906	0.3831579759022719	0.04760468098264248	0.8375148858161513	0.7995456785546182	0.09933788442643611	0.09526384337067792
1974	0.6989226319359538	0.21940920503348735	0.8022382256605812	0.08957016479777137	0.11649985654152303	0.9237238192063825	0.3720671049935644	0.05114083230665816	0.8510539046693342	0.8022159257167374	0.10695761109871856	0.08709829392078922
1975	0.707590104416896	0.22175251544939445	0.8032872228433607	0.09800763904287114	0.11334325025758188	0.9225825190538229	0.361927126329452	0.05062165798006609	0.8621398616375219	0.8065828261567621	0.1143691818628486	0.08206888150926513
1976	0.7114840061061373	0.2243943308411526	0.8044173213865087	0.10321082290706562	0.10898051730828086	0.9230746386217628	0.3526307941715391	0.05236298098113049	0.8698284994220554	0.8100594062642126	0.11972425267805376	0.07766232983576456
1977	0.7168348207626593	0.22700231833025428	0.8060994883003431	0.10521638310880632	0.10489387786708168	0.9231690118918328	0.34449697765351983	0.05681662144216895	0.8768026354290545	0.8133406875792081	0.12577737844233103	0.07360614408413427
1978	0.7196169571384028	0.23109712379695244	0.8077870215782655	0.10987041565972576	0.10174996253770395	0.9233014933950636	0.335666534006643	0.05550764709807057	0.8792329197166467	0.8143894194007398	0.12979200117231984	0.07043230189060257
1979	0.7229604095323825	0.23512189163923092	0.8108861044355772	0.1123258952615814	0.10076092668959442	0.9240425507575037	0.32510671634319244	0.05685157891769875	0.8824986462261769	0.8193670055643517	0.13351447377979464	0.06763960141922566
1980	0.7221753901884033	0.23781900038751894	0.8158292721407848	0.11649652643683017	0.09897900539445947	0.924563977478727	0.3160497091266207	0.05934001960404185	0.8860175790370294	0.8210202819045939	0.13719402532513733	0.06520870994084531
1981	0.7188911319121147	0.2439615384451719	0.8177885883374311	0.11970315761437418	0.0948244698342331	0.9246646923508668	0.3099872128285174	0.06178926582269147	0.8848159810724948	0.8217638751328503	0.14090023654548975	0.062499697278684804
1982	0.7169894101231634	0.24734565096076314	0.818677858976222	0.12235658718550052	0.093726611015079	0.9248454397894663	0.3024544923835847	0.06348864763276194	0.8856330369343691	0.8210326607140873	0.1442840008051754	0.06098767361056109
1983	0.7160764213028794	0.2543647090556637	0.8194376728116812	0.12450252901504469	0.09239990268128692	0.925132314596454	0.29635255369575975	0.06500340142649692	0.8847862620246432	0.8219110652368686	0.1466845835518035	0.05870333749191363
1984	0.7155699154892311	0.26091104726285635	0.8197776716963723	0.12921511830960766	0.09243533298953184	0.9258049157314401	0.28792246348526956	0.06965754053006877	0.8840328716946495	0.8238274372144905	0.15094021021459703	0.058787193137069184
1985	0.7147256087142867	0.2626988986796934	0.8185528381365651	0.1308087625076366	0.0920247424302028	0.9262589254521583	0.2801653228644188	0.07492280379829755	0.884003695296514	0.8232457551283913	0.15269953544321885	0.05730082798019245
1986	0.7157561883835242	0.26483286111843996	0.8190109776169048	0.1353483159068711	0.089005103819418	0.9262902184794913	0.2734578753066004	0.07905205807253628	0.8848281639008496	0.8227963696435523	0.15483681298719415	0.05451387581198211
1987	0.7186028514844629	0.2720423786592838	0.8198235295748377	0.13914919766802544	0.08697128611226182	0.9267736396829299	0.26664295337044025	0.08484896355041145	0.8861685694127255	0.8238741485700111	0.15718754838198554	0.05369603705807161
1988	0.7214310619114236	0.26981200812997724	0.8219740821559827	0.1451506298973531	0.08684785669466011	0.9279123320254341	0.2601660156158775	0.09004593138845429	0.889118311032441	0.8269095729569417	0.16139767839667274	0.05190529524085292
1989	0.7228714192706241	0.26857716726494674	0.8219812649433238	0.14993714067549416	0.084879582660239	0.9285711344777473	0.2561768505190584	0.09516218393297929	0.8897824566535074	0.8292037862229014	0.1635945679227537	0.04971972351707013
1990	0.7252128201683392	0.26216943177421426	0.8225966399600378	0.15489082114708239	0.08396648613734906	0.9298051200319921	0.2519162945914324	0.09644857763632413	0.8910068921800944	0.8309840777777269	0.16557923375412345	0.04793309903981155
1991	0.726878759949893	0.25730336163054845	0.8227314693157456	0.15978546090089252	0.08245151818939567	0.931488854362434	0.24932265397422415	0.09625758658007763	0.8931728570325386	0.8327314058816992	0.16629443053460757	0.04606147162063046
1992	0.7299785082408131	0.2549855238781844	0.8239574277004479	0.16505562456071418	0.08189610309738564	0.93225635223526	0.24625237797824845	0.09943056521179618	0.8951880506139891	0.8338923067173569	0.16890911143438656	0.04448950852024763
1993	0.7277034150120445	0.2499528587981744	0.8243051244658033	0.16764530963507185	0.083839188782462	0.9328813169491997	0.24617550094763915	0.10256719945631365	0.8960963387244929	0.8354015410818125	0.16773899525923858	0.04435659383843387
1994	0.726438567528726	0.24341387973741646	0.8246095323070779	0.17170597991834094	0.0842553250044383	0.9338178735834427	0.24358305895157475	0.10196660565262276	0.8963526267106954	0.836490450651826	0.16469550672825845	0.04241194050932952
1995	0.7255816471282553	0.24519634217360423	0.8225933588927145	0.17456823819181486	0.08549610699043486	0.9339752477280854	0.24214047877443326	0.09836427851541014	0.8949890240136859	0.8343505855406966	0.15846678272593	0.04192152502795072
1996	0.7244773108852981	0.24746145123787766	0.8214949422755444	0.17498084961112548	0.08751615548693364	0.9337631142565909	0.23826103136371862	0.09556910178226258	0.8941599685891639	0.8344678024678647	0.15277354182208783	0.04101139082353042
1997	0.7241240616743345	0.24879273825081874	0.8207649805507152	0.1773682651847437	0.09115538646378113	0.9328846244618658	0.23372514668175043	0.1038265307969677	0.8933831531070331	0.8354299519195006	0.1467958604923288	0.03947638587722118
1998	0.7246462044843945	0.24971468580061118	0.8197601032480198	0.18169065019057443	0.09381098247970056	0.9318979287912366	0.22860294945135443	0.11139449678837303	0.8933657131691807	0.8365074381427103	0.14122387392239585	0.037135727754867884
1999	0.7250451254661404	0.25179558832566784	0.8181108784443499	0.1872466967728766	0.09650767789532097	0.9311484202395465	0.22154360437169365	0.11858639840673815	0.8935565855149595	0.8377584195152619	0.1365675965703198	0.03442342187014032
2000	0.7253127197390694	0.25230544971443	0.8168844459148993	0.18713504050422705	0.09889996200814564	0.9304230260361419	0.21361151211990914	0.12555671403355761	0.8925364720167812	0.8393232224281406	0.13497402394251948	0.032187253426180534
2001	0.7220001713705009	0.25156126850230776	0.8145577407295995	0.18300822774300657	0.10394023288507272	0.9286412886850746	0.21209731742425877	0.12993401048039493	0.889961269647934	0.8391786317249538	0.13327901140713766	0.0326755853686855
2002	0.7202264877562157	0.2505980363862033	0.8131771137500459	0.18340198391693435	0.10599091439813656	0.9268845999151445	0.2048162401134098	0.13758073715726554	0.8894424741709569	0.8394206973002107	0.1370975080819839	0.03175906991612889
2003	0.7178620766112652	0.2499714009796288	0.8117655815118354	0.17887958216089495	0.10911563570503739	0.9254479822236368	0.20414967634534015	0.14236121344676644	0.8866168662539566	0.8374966554428873	0.13801065594586062	0.03266053089432709
2004	0.7173112132000116	0.2524721414928084	0.8105632344268537	0.17665019105304347	0.10916710193040495	0.9242718948430274	0.20093208604580629	0.14368245989744882	0.885778042354975	0.8349697027810927	0.14133447829238818	0.032282730537275414
2005	0.7138229173070033	0.2576536007434491	0.8092273587701456	0.16476501664977297	0.1091145326586304	0.9230108884220276	0.20420760317678419	0.1409062563527448	0.8812392639564988	0.8304318568723518	0.14128307301361515	0.03439070352340107
2006	0.7148119163607147	0.26507219742602434	0.8112025179069581	0.16123144074395482	0.10796479706734145	0.9231527157300649	0.20233064877360626	0.1405753755165737	0.8797994324183974	0.8279224376950386	0.14310832605231796	0.0349996612086295
2007	0.7147180100232993	0.2750684679797965	0.811312708422327	0.15981932016001005	0.10603267315860886	0.9233956313774054	0.19546220170376682	0.14076018485074102	0.8795194323187658	0.8236667109377944	0.14651311236988396	0.03299876693155782
2008	0.7204963820430548	0.2894327990446148	0.812470273281169	0.16705746752728187	0.10240290249316565	0.9239322491303099	0.1814302290596038	0.14323550088918824	0.8831165696125716	0.8210263617360903	0.15321811458574294	0.029191879048119634
2009	0.7243684455930983	0.30052539556828894	0.8140147195097248	0.16894548041623217	0.10096446374165857	0.9237581051559436	0.1741466000067	0.146739329152879	0.8848987851364047	0.8191438384554531	0.1569999545796086	0.026810568677452126
2010	0.7289674947643904	0.3103818614387405	0.8133558013838443	0.17387826039175472	0.10012005887784202	0.9227466890048229	0.16736989021598436	0.1496669864776278	0.886225197858803	0.8162274262921589	0.16055209084701788	0.02509299419282567
2011	0.7341997156784813	0.32107967207156735	0.8143567956352054	0.1784168757289215	0.10006967882204633	0.9223551570970306	0.15966169402321567	0.1541467196014861	0.8892836944900021	0.816013837907291	0.16448865412336305	0.023551705979648917
2012	0.7372992340642379	0.3240447878175722	0.8142108106356816	0.18457080720788957	0.10126307535148765	0.9214323499066948	0.15063584909512176	0.15855620212781002	0.8919438061885936	0.8144135112263444	0.17161496662056433	0.022460292380913148
2013	0.7379947417377964	0.32539790436196836	0.8116803559368816	0.18714102069798375	0.10326874052503418	0.9195098247955489	0.14638806426886494	0.16166831787679298	0.8927884862232341	0.8129380620529338	0.1778525979976375	0.0216304441703824
2014	0.7221385042397038	0.3207115219887814	0.8117935108078567	0.16432493600739143	0.10747378255706089	0.9166393893455951	0.15700723778592507	0.1597195589041888	0.8919124457899728	0.8106750077210484	0.1709057340317717	0.025526265029704325
2015	0.7161979081996829	0.3120972634987808	0.8107283701905713	0.1451300650227876	0.11376751182056735	0.9128044976173036	0.17906521799756966	0.15603867683843203	0.8870180322160824	0.8066340129462153	0.1568197704221583	0.0338985716008671
2016	0.7120675247591647	0.3053867394606663	0.808246057729399	0.13590954424690677	0.12344073786511149	0.9110929200721495	0.19051867866544578	0.1547255122833103	0.8845873712918757	0.806396972943725	0.15091479001802927	0.03690757317802664
2017	0.708995295712127	0.3015803985941424	0.8089774584949071	0.13060784616521467	0.12613135414330723	0.9109450429884273	0.19511908136166276	0.15415894858990892	0.8846341324415794	0.806984873490035	0.14933608225450873	0.03871048618293253
2018	0.700247442669908	0.292936636915188	0.807361341326629	0.12180302434888966	0.13134280144330268	0.9093401999862524	0.20632927147624275	0.15098547066944243	0.8806954252542633	0.8042352211591235	0.14490561147602754	0.04267197715908953
2019	0.691238873399265	0.2878370677735993	0.8073289775607038	0.11333188414478636	0.13674493524713577	0.9078744816769118	0.21981790836093063	0.1479442227878986	0.8775349363280085	0.8040020078819838	0.13779378787001353	0.04642668574069423
